# Created by Octave 3.8.1, Wed Nov 18 10:04:17 2015 BRST <andre@andre-pc>
# name: PSNR_M_3
# type: matrix
# rows: 2
# columns: 30
 32.86284577909616 32.65798120422458 32.45446128097601 32.31789812159167 32.1125795804203 31.93992422238848 31.75799253434719 31.62819089138648 31.47079749649913 31.32374301836323 31.17920994378668 31.05465230970204 30.89843167359259 30.76435686743569 30.61988252287259 30.50548317054122 30.39315875909773 30.27417515144615 30.15447835918948 30.04736527989973 29.94368081272358 29.84307892134458 29.73737570256031 29.65987530397652 29.5763932890153 29.48508077305917 29.40055556434455 29.32373768371532 29.24600420352701 29.1843463475189
 32.86284577909616 32.65798120422458 32.45446128097601 32.31789812159167 32.1125795804203 31.93992422238848 31.75799253434719 31.62819089138648 31.47079749649913 31.32374301836323 31.17920994378668 31.05465230970204 30.89843167359259 30.76435686743569 30.61988252287259 30.50548317054122 30.39315875909773 30.27417515144615 30.15447835918948 30.04736527989973 29.94368081272358 29.84307892134458 29.73737570256031 29.65987530397652 29.5763932890153 29.48508077305917 29.40055556434455 29.32373768371532 29.24600420352701 29.1843463475189


