# Created by Octave 3.8.1, Wed Nov 18 10:04:17 2015 BRST <andre@andre-pc>
# name: PSNR_M_2
# type: matrix
# rows: 2
# columns: 30
 30.11867997919355 29.97672947771586 29.82459703364793 29.68397734645907 29.52285770685937 29.36611133133569 29.20013152716124 29.07047540122906 28.93042501942481 28.76806947922942 28.6193890108111 28.49310185511033 28.3579860488814 28.23052214559515 28.0865595709371 27.9767344653957 27.87085878675463 27.76836260301976 27.66191680862788 27.57679552193297 27.48016856334051 27.40848844001145 27.31635523640547 27.2406222430262 27.17838822973599 27.10097410542072 27.01933678618898 26.9491682767463 26.86575336736443 26.79649823213418
 27.36944609493945 27.2494451450578 27.14216582640003 27.01939552410226 26.88685287806199 26.74005388986463 26.58745987765461 26.50106528589019 26.39802945926665 26.29868499393315 26.1660055547992 26.0753373831792 25.9659034259333 25.86293938845338 25.75741770780106 25.66795651649353 25.56494782633992 25.4468657942005 25.33780074678615 25.27208861641294 25.19513926162811 25.1377021084218 25.05273257104336 24.9746616740658 24.91408152204066 24.84897168808583 24.79285158448275 24.74725867430202 24.66348447255544 24.60095339668199


