# Created by Octave 3.8.1, Wed Nov 18 10:04:17 2015 BRST <andre@andre-pc>
# name: PSNR_M_1
# type: matrix
# rows: 2
# columns: 30
 32.86990849218902 32.56811048401954 32.18414144912771 31.86216486906923 31.53032341509346 31.19221929939608 30.81319279873214 30.55267657915066 30.240948846477 29.93039249764909 29.60402097285121 29.33647329389065 29.08189961477654 28.85238679715357 28.62475430084078 28.45289030569839 28.29059232639893 28.11538013043746 27.92059790427207 27.80090589616199 27.65303700590754 27.53528764131732 27.41664400201567 27.30727956374896 27.20739001417395 27.08759255368035 26.98025790811798 26.88288843093686 26.75912600310869 26.65943311436389
 31.98088586174011 30.99185557202359 30.06203790080909 29.33736952059681 28.66855558116884 28.05184003997623 27.42284796218599 27.1272041666477 26.88600499205198 26.61220921285134 26.2737231532427 26.05455786110283 25.86404960277044 25.67113010995658 25.43080042617023 25.29142860936556 25.10795413187517 24.9323753059066 24.76709757830455 24.62096000399315 24.52501568051054 24.44483637054398 24.38057409709349 24.29357757999232 24.19815461088012 24.14089306693726 24.07155827012561 24.0059077728614 23.87661882200242 23.81311866098298


